File: Drip_Acyrthosiphon_pisum_7
Query_1	ref|XP_029346916.1|	52.191	251	115	4	37	285	3	250	3.01e-85	255
Query_1	ref|NP_001139377.1|	52.191	251	115	4	37	285	3	250	3.01e-85	255
Query_1	ref|XP_029346918.1|	52.869	244	110	4	44	285	1	241	1.10e-84	253
Query_1	ref|XP_029346917.1|	52.869	244	110	4	44	285	1	241	1.10e-84	253
Query_1	ref|XP_008186625.1|	52.869	244	110	4	44	285	32	272	3.84e-84	253
--------------------
File: Drip_Aethina_tumida_7
Query_1	ref|XP_019872963.2|	55.769	260	107	3	31	285	13	269	5.52e-101	296
Query_1	ref|XP_049821553.1|	57.143	252	103	3	34	285	5	251	2.45e-100	293
Query_1	ref|XP_019872967.1|	49.362	235	114	4	41	271	4	237	3.57e-62	197
Query_1	ref|XP_019873433.1|	38.492	252	140	5	38	279	2	248	7.53e-47	157
Query_1	ref|XP_019873432.1|	39.394	231	127	4	59	279	62	289	1.43e-45	155
--------------------
File: Drip_db10_7
Query_1	emb|CAH1134308.1|	58.607	244	100	1	42	285	13	255	9.76e-102	296
Query_1	emb|CAG9772309.1|	47.234	235	117	3	41	268	4	238	7.01e-68	211
Query_1	emb|CAH1130323.1|	38.683	243	131	4	47	271	7	249	4.47e-47	157
Query_1	emb|CAH1129521.1|	34.894	235	150	3	53	285	5	238	1.91e-41	142
Query_1	emb|CAG9769771.1|	36.889	225	131	4	61	277	29	250	1.30e-37	132
--------------------
File: Drip_db11_7
Query_1	ref|XP_044727682.1|	54.980	251	106	3	41	284	4	254	4.19e-84	252
Query_1	ref|XP_044731083.1|	48.936	235	116	2	41	271	5	239	9.25e-74	227
Query_1	ref|XP_044727650.1|	41.256	223	124	4	61	279	29	248	3.53e-48	161
Query_1	ref|XP_044727651.1|	41.256	223	124	4	61	279	16	235	3.79e-48	160
Query_1	ref|XP_044727649.1|	41.256	223	124	4	61	279	44	263	4.75e-48	161
--------------------
File: Drip_db12_7
Query_1	ref|XP_024081986.1|	52.846	246	111	4	40	285	2	242	5.34e-79	239
Query_1	ref|XP_014250943.1|	40.672	268	158	1	14	280	9	276	4.64e-70	218
Query_1	ref|XP_014250942.1|	40.672	268	158	1	14	280	9	276	5.28e-70	218
Query_1	ref|XP_014250944.1|	42.339	248	142	1	34	280	1	248	6.28e-69	214
Query_1	ref|XP_024083731.1|	42.339	248	142	1	34	280	1	248	7.21e-69	214
--------------------
File: Drip_db13_7
Query_1	ref|XP_044761979.1|	56.299	254	108	2	32	285	13	263	2.55e-102	299
Query_1	ref|XP_044761980.1|	56.800	250	105	2	36	285	4	250	3.99e-101	296
Query_1	ref|XP_044761138.1|	49.569	232	115	2	41	271	4	234	1.44e-74	229
Query_1	ref|XP_044764997.1|	37.438	203	105	6	93	282	91	284	2.71e-34	130
Query_1	ref|XP_044750822.1|	37.447	235	133	3	50	272	11	243	1.26e-31	118
--------------------
File: Drip_db14_7
Query_1	dbj|GFG31719.1|	50.427	234	112	2	39	272	25	254	3.87e-71	219
Query_1	dbj|GFG31718.1|	58.333	132	55	0	154	285	1	132	7.80e-55	172
Query_1	dbj|GFG35382.1|	40.693	231	123	3	55	273	15	243	7.27e-47	157
Query_1	dbj|GFG31717.1|	60.000	65	24	1	42	106	2	64	8.52e-18	75.9
Query_1	dbj|GFG36347.1|	35.897	117	68	3	161	275	1	112	3.57e-17	79.7
--------------------
File: Drip_db15_7
Query_1	ref|XP_023708710.1|	61.847	249	93	1	37	285	3	249	6.66e-114	328
Query_1	ref|XP_023708717.1|	50.644	233	110	3	40	271	5	233	1.68e-70	218
Query_1	ref|XP_023701688.1|	37.849	251	141	4	35	271	7	256	9.44e-48	161
Query_1	ref|XP_023701689.1|	38.153	249	139	4	37	271	6	253	1.02e-47	160
Query_1	ref|XP_023701687.1|	38.462	247	137	4	39	271	45	290	2.01e-47	161
--------------------
File: Drip_db16_7
Query_1	ref|XP_026462217.1|	47.303	241	124	3	38	275	2	242	1.71e-70	218
Query_1	ref|XP_026461703.1|	45.714	245	121	5	45	285	11	247	1.02e-64	202
Query_1	ref|XP_026461702.1|	45.714	245	121	5	45	285	11	247	1.02e-64	202
Query_1	ref|XP_026461701.1|	43.969	257	132	5	33	285	4	252	1.36e-64	202
Query_1	ref|XP_026463710.1|	34.934	229	129	4	61	274	9	232	1.44e-32	120
--------------------
File: Drip_db17_7
Query_1	ref|XP_052562819.1|	78.689	244	49	2	38	279	11	253	3.37e-140	395
Query_1	ref|XP_052562817.1|	78.750	240	49	1	37	274	3	242	5.67e-139	392
Query_1	ref|XP_052562816.1|	78.750	240	49	1	37	274	3	242	5.67e-139	392
Query_1	ref|XP_052562815.1|	78.750	240	49	1	37	274	3	242	5.67e-139	392
Query_1	ref|XP_052562814.1|	77.593	241	52	1	36	274	9	249	1.37e-137	389
--------------------
File: Drip_db18_7
Query_1	ref|XP_008484232.1|	58.009	231	95	2	41	271	1	229	2.42e-91	271
Query_1	ref|XP_026677945.1|	48.085	235	118	2	41	271	6	240	7.20e-73	224
Query_1	ref|XP_008487274.2|	34.483	203	122	4	87	279	20	221	9.33e-35	125
Query_1	ref|XP_026680357.1|	31.364	220	112	5	61	279	66	247	2.33e-28	108
Query_1	ref|XP_008479681.1|	32.680	153	94	2	129	272	2	154	5.71e-24	95.1
--------------------
File: Drip_db19_7
Query_1	ref|XP_016930412.1|	63.454	249	85	1	37	285	3	245	4.22e-113	326
Query_1	ref|XP_036669236.1|	63.563	247	84	1	39	285	2	242	1.24e-112	325
Query_1	ref|XP_016930642.1|	39.095	243	139	3	45	283	8	245	1.13e-50	167
Query_1	ref|XP_016929660.1|	40.887	203	111	2	85	281	54	253	3.48e-42	146
Query_1	ref|XP_016929659.1|	35.565	239	142	4	52	284	19	251	5.45e-40	140
--------------------
File: Drip_db20_7
Query_1	ref|XP_055916613.1|	70.916	251	71	2	37	285	3	253	5.69e-130	369
Query_1	ref|XP_055916612.1|	70.751	253	71	3	36	285	7	259	2.19e-129	368
Query_1	ref|XP_055916611.1|	70.518	251	72	2	37	285	11	261	8.94e-129	366
Query_1	ref|XP_055917603.1|	43.231	229	124	2	40	267	3	226	3.17e-58	187
Query_1	ref|XP_055917604.1|	43.231	229	124	2	40	267	3	226	3.21e-58	186
--------------------
File: Drip_db21_7
Query_1	ref|XP_045475581.1|	53.307	257	116	3	30	285	8	261	1.94e-98	289
Query_1	ref|XP_045475663.1|	53.600	250	113	2	36	285	4	250	4.59e-98	288
Query_1	ref|XP_045483356.1|	47.845	232	119	2	41	271	4	234	7.97e-72	222
Query_1	ref|XP_045483355.1|	47.845	232	119	2	41	271	4	234	7.97e-72	222
Query_1	ref|XP_045470740.1|	38.462	221	125	3	61	272	25	243	1.22e-40	141
--------------------
File: Drip_db22_7
Query_1	ref|XP_015366202.1|	30.120	249	167	4	38	281	7	253	4.34e-30	113
Query_1	ref|XP_015366201.1|	31.915	235	149	5	54	279	37	269	6.31e-30	113
Query_1	ref|XP_015366200.1|	31.513	238	152	5	53	281	40	275	6.66e-30	113
Query_1	ref|XP_015366203.1|	31.513	238	152	5	53	281	18	253	6.82e-30	112
Query_1	ref|XP_015366197.1|	31.513	238	152	5	53	281	69	304	1.04e-29	113
--------------------
File: Drip_db23_7
Query_1	ref|XP_024214949.1|	42.570	249	141	1	37	285	17	263	3.03e-69	215
Query_1	ref|XP_024214951.1|	45.614	228	122	1	58	285	19	244	6.11e-69	213
Query_1	ref|XP_024214953.1|	45.614	228	122	1	58	285	18	243	6.18e-69	213
Query_1	ref|XP_024214950.1|	45.614	228	122	1	58	285	23	248	6.28e-69	214
Query_1	ref|XP_024214948.1|	45.614	228	122	1	58	285	39	264	9.06e-69	214
--------------------
File: Drip_db24_7
Query_1	gb|KAI4459960.1|	58.564	181	73	1	105	285	22	200	5.59e-76	229
Query_1	gb|KAI4459365.1|	45.148	237	113	3	41	272	4	228	3.11e-65	204
Query_1	gb|KAI4459359.1|	43.089	246	114	4	41	272	4	237	2.42e-60	192
Query_1	gb|KAI4465196.1|	33.617	235	109	7	54	281	21	215	3.11e-31	115
--------------------
File: Drip_db25_7
Query_1	ref|XP_046669585.1|	58.233	249	102	2	39	285	4	252	7.23e-100	293
Query_1	ref|XP_046669584.1|	57.371	251	105	2	37	285	6	256	8.46e-100	293
Query_1	ref|XP_046669583.1|	58.537	246	100	2	42	285	14	259	1.69e-99	292
Query_1	ref|XP_046669580.1|	45.600	250	134	2	33	280	13	262	2.23e-69	216
Query_1	ref|XP_046669582.1|	45.600	250	134	2	33	280	13	262	2.48e-69	216
--------------------
File: Drip_db26_7
Query_1	ref|XP_026323708.1|	58.203	256	106	1	30	285	3	257	6.47e-103	300
Query_1	ref|XP_026323709.1|	58.635	249	102	1	37	285	2	249	3.80e-102	298
Query_1	ref|XP_026323707.1|	54.417	283	117	3	3	285	4	274	3.86e-102	299
Query_1	ref|XP_026323480.1|	47.196	214	111	1	56	267	20	233	1.04e-61	196
Query_1	ref|XP_026321991.1|	40.271	221	129	2	57	275	33	252	1.47e-42	146
--------------------
File: Drip_db27_7
Query_1	gb|KAF2894216.1|	63.821	246	82	2	40	285	2	240	1.05e-102	299
Query_1	gb|KAF2883118.1|	48.927	233	117	2	41	271	5	237	2.88e-68	213
Query_1	gb|KAF2903774.1|	35.231	281	146	5	15	278	62	323	5.49e-42	146
Query_1	gb|KAF2885192.1|	34.615	260	150	4	36	279	36	291	1.68e-38	137
Query_1	gb|KAF2883011.1|	32.174	230	149	4	56	284	53	276	1.94e-30	119
--------------------
File: Drip_db28_7
Query_1	ref|XP_046403477.1|	53.937	254	107	4	41	285	11	263	2.52e-80	243
Query_1	ref|XP_046406867.1|	48.077	260	125	4	35	285	4	262	6.83e-80	243
Query_1	ref|XP_046403531.1|	45.528	246	130	3	41	283	4	248	2.53e-66	207
Query_1	ref|XP_046403530.1|	45.528	246	130	3	41	283	4	248	3.02e-66	208
Query_1	ref|XP_046405745.1|	46.371	248	121	6	41	278	9	254	1.24e-63	201
--------------------
File: Drip_db29_7
Query_1	gb|KAG8222865.1|	47.951	244	124	2	41	282	16	258	2.48e-72	222
Query_1	gb|KAG8222863.1|	46.371	248	117	4	41	283	4	240	2.38e-68	211
Query_1	gb|KAG8222864.1|	52.326	172	81	1	103	274	59	229	9.20e-59	187
Query_1	gb|KAG8222866.1|	43.137	204	100	5	62	251	27	228	2.91e-44	151
Query_1	gb|KAG8228463.1|	50.000	156	72	5	34	186	10	162	1.18e-41	143
--------------------
File: Drip_db30_7
Query_1	ref|XP_054272151.1|	59.055	254	102	1	34	285	1	254	2.33e-104	304
Query_1	ref|XP_054272150.1|	59.600	250	99	1	38	285	6	255	2.49e-104	304
Query_1	ref|XP_054271774.1|	59.600	250	99	1	38	285	6	255	2.49e-104	304
Query_1	ref|XP_054272152.1|	59.839	249	98	1	39	285	4	252	8.08e-104	303
Query_1	ref|XP_054271775.1|	59.839	249	98	1	39	285	4	252	8.08e-104	303
--------------------
File: Drip_db31_7
Query_1	ref|XP_037300778.1|	58.594	256	105	1	30	285	3	257	8.12e-102	298
Query_1	ref|XP_037300776.1|	58.635	249	102	1	37	285	29	276	3.10e-100	294
Query_1	ref|XP_037300779.1|	58.566	251	103	1	35	285	5	254	3.39e-100	293
Query_1	ref|XP_037300777.1|	58.635	249	102	1	37	285	24	271	4.28e-100	294
Query_1	ref|XP_037300780.1|	57.769	251	105	1	35	285	3	252	6.66e-100	293
--------------------
File: Drip_db32_7
Query_1	gb|KAI4487054.1|	55.731	253	109	3	34	285	1	251	9.70e-87	258
Query_1	gb|KAI4487057.1|	42.972	249	122	5	28	267	9	246	5.64e-60	191
Query_1	gb|KAI4497639.1|	36.466	266	147	4	34	285	1	258	6.54e-46	154
Query_1	gb|KAI4501301.1|	38.000	250	140	4	41	282	52	294	3.41e-45	154
Query_1	gb|KAI4501300.1|	37.826	230	134	2	61	282	35	263	4.09e-45	153
--------------------
File: Drip_db33_7
Query_1	ref|XP_005186069.1|	64.800	250	86	2	37	285	3	251	1.24e-115	332
Query_1	ref|XP_019893216.1|	64.143	251	88	2	36	285	9	258	5.48e-115	331
Query_1	ref|NP_001295945.1|	64.634	246	85	2	41	285	1	245	1.94e-112	324
Query_1	ref|XP_005186075.1|	41.518	224	125	2	45	267	9	227	4.74e-54	176
Query_1	ref|XP_005186076.1|	41.518	224	125	2	45	267	9	227	9.78e-54	175
--------------------
File: Drip_db34_7
Query_1	ref|XP_016841794.1|	54.656	247	108	3	40	285	111	354	5.76e-88	266
Query_1	ref|XP_016841799.1|	54.694	245	107	3	42	285	112	353	1.86e-87	265
Query_1	ref|XP_032457069.1|	40.574	244	138	2	41	283	4	241	2.21e-58	187
Query_1	ref|XP_032457068.1|	40.574	244	138	2	41	283	4	241	2.21e-58	187
Query_1	ref|XP_031787719.1|	40.574	244	138	2	41	283	4	241	2.21e-58	187
--------------------
File: Drip_db35_7
Query_1	emb|CAB0018999.1|	46.667	240	127	1	34	272	1	240	2.23e-73	225
Query_1	emb|CAB0018997.1|	46.667	240	127	1	34	272	1	240	2.23e-73	225
Query_1	emb|CAA9999443.1|	44.082	245	130	2	41	285	1	238	2.45e-61	193
Query_1	emb|CAA9999441.1|	44.082	245	130	2	41	285	1	238	2.45e-61	193
Query_1	emb|CAB0008485.1|	35.484	248	122	2	62	271	20	267	5.13e-36	129
--------------------
File: Drip_db36_7
Query_1	ref|XP_039289071.1|	64.093	259	92	1	28	285	2	260	2.57e-122	350
Query_1	ref|XP_039289072.1|	65.992	247	83	1	40	285	2	248	2.83e-120	344
Query_1	ref|XP_039289068.1|	45.935	246	124	5	41	277	4	249	6.81e-65	204
Query_1	ref|XP_039289067.1|	45.935	246	124	5	41	277	4	249	6.81e-65	204
Query_1	ref|XP_039289065.1|	41.176	289	150	7	3	277	39	321	1.11e-64	206
--------------------
File: Drip_db37_7
Query_1	ref|XP_050356672.1|	55.159	252	112	1	34	285	7	257	4.79e-96	283
Query_1	ref|XP_050356661.1|	56.098	246	107	1	40	285	33	277	2.16e-95	282
Query_1	ref|XP_050356682.1|	54.980	251	112	1	35	285	3	252	2.71e-95	281
Query_1	ref|XP_050358475.1|	43.388	242	134	2	45	283	8	249	1.42e-64	203
Query_1	ref|XP_050358466.1|	43.388	242	134	2	45	283	8	249	1.42e-64	203
--------------------
File: Drip_db38_7
Query_1	ref|XP_012282084.1|	54.150	253	111	4	34	285	1	249	1.02e-88	264
Query_1	ref|XP_012284133.1|	44.309	246	128	3	41	284	4	242	4.07e-64	202
Query_1	ref|XP_012284124.1|	44.309	246	128	3	41	284	4	242	4.07e-64	202
Query_1	ref|XP_012284145.1|	44.309	246	128	3	41	284	4	242	4.36e-64	202
Query_1	ref|XP_012277089.1|	39.738	229	130	1	59	279	18	246	2.99e-45	153
--------------------
File: Drip_db39_7
Query_1	ref|XP_022123793.2|	56.250	256	110	1	30	285	3	256	1.14e-97	287
Query_1	ref|XP_022123792.2|	54.924	264	113	2	26	285	86	347	5.42e-96	286
Query_1	ref|XP_022123791.2|	54.924	264	113	2	26	285	115	376	1.03e-95	286
Query_1	ref|XP_045490331.1|	55.777	251	109	1	35	285	74	322	1.66e-95	284
Query_1	ref|XP_022118398.2|	46.729	214	112	1	56	267	20	233	2.46e-62	197
--------------------
File: Drip_db3_7
Query_1	ref|XP_025830424.1|	56.316	190	81	1	36	225	24	211	3.30e-69	213
Query_1	ref|XP_018330035.1|	44.726	237	125	3	36	271	6	237	5.04e-65	204
Query_1	ref|XP_018330036.1|	44.726	237	125	3	36	271	6	237	6.08e-65	204
Query_1	ref|XP_018330034.1|	44.726	237	125	3	36	271	6	237	6.35e-65	204
Query_1	ref|XP_018320517.1|	36.704	267	147	6	31	282	19	278	1.16e-44	152
--------------------
File: Drip_db40_7
Query_1	ref|XP_037963998.1|	53.125	256	119	1	30	285	3	257	1.47e-94	279
Query_1	ref|XP_037963997.1|	54.032	248	113	1	38	285	31	277	1.03e-93	278
Query_1	ref|XP_037963999.1|	52.988	251	117	1	35	285	3	252	7.97e-93	275
Query_1	ref|XP_037963977.2|	46.262	214	113	1	56	267	20	233	1.16e-61	196
Query_1	ref|XP_011560224.3|	35.065	231	144	3	57	285	32	258	3.67e-38	135
--------------------
File: Drip_db41_7
Query_1	ref|XP_015187298.1|	54.941	253	111	3	34	285	1	251	2.10e-87	261
Query_1	ref|XP_015187296.1|	53.755	253	114	3	34	285	38	288	5.85e-86	258
Query_1	ref|XP_015187295.1|	53.755	253	114	3	34	285	94	344	2.53e-85	259
Query_1	ref|XP_015187317.1|	45.175	228	118	2	41	267	4	225	4.28e-65	204
Query_1	ref|XP_015187316.1|	45.175	228	118	2	41	267	4	225	6.18e-65	204
--------------------
File: Drip_db42_7
Query_1	ref|XP_049845799.1|	59.200	250	101	1	37	285	3	252	9.52e-109	316
Query_1	ref|XP_049845619.1|	50.833	240	116	1	40	277	4	243	1.78e-72	224
Query_1	ref|XP_049845620.1|	50.833	240	116	1	40	277	4	243	2.11e-72	224
Query_1	ref|XP_049847552.1|	48.261	230	113	3	54	282	28	252	2.32e-70	219
Query_1	ref|XP_049847553.1|	47.951	244	124	2	38	280	13	254	7.03e-69	215
--------------------
File: Drip_db43_7
Query_1	ref|XP_047103101.1|	59.200	250	101	1	37	285	3	252	7.66e-109	315
Query_1	ref|XP_047103559.1|	49.569	232	112	2	54	285	19	245	1.11e-74	229
Query_1	ref|XP_047102448.1|	50.833	240	116	1	40	277	4	243	1.35e-72	224
Query_1	ref|XP_047102449.1|	50.833	240	116	1	40	277	4	243	1.73e-72	223
Query_1	ref|XP_047103558.1|	49.174	242	120	2	40	280	11	250	2.12e-70	218
--------------------
File: Drip_db44_7
Query_1	ref|XP_049954589.1|	58.800	250	102	1	37	285	3	252	1.94e-108	314
Query_1	ref|XP_049954958.1|	49.569	232	112	2	54	285	19	245	5.03e-75	230
Query_1	ref|XP_049954590.1|	50.833	240	116	1	40	277	4	243	1.51e-72	224
Query_1	ref|XP_049954591.1|	50.833	240	116	1	40	277	4	243	1.93e-72	223
Query_1	ref|XP_049954957.1|	48.347	242	122	2	40	280	11	250	5.81e-69	214
--------------------
File: Drip_db45_7
Query_1	ref|XP_035430709.1|	58.498	253	104	1	33	285	6	257	5.26e-102	298
Query_1	ref|XP_035430708.1|	58.800	250	102	1	36	285	10	258	3.37e-101	296
Query_1	ref|XP_035430707.1|	56.410	273	115	2	16	285	8	279	1.10e-100	296
Query_1	ref|XP_035430710.1|	59.426	244	98	1	42	285	10	252	2.58e-100	294
Query_1	ref|XP_035430706.1|	59.350	246	99	1	40	285	41	285	2.68e-100	295
--------------------
File: Drip_db46_7
Query_1	emb|CAH1643677.1|	59.109	247	100	1	39	285	30	275	5.72e-102	298
Query_1	emb|CAH1643431.1|	47.345	226	116	2	45	267	8	233	9.44e-64	200
Query_1	emb|CAH1636725.1|	41.057	246	133	4	45	285	8	246	2.55e-50	165
Query_1	emb|CAH1647202.1|	38.073	218	131	3	57	272	35	250	3.35e-38	134
Query_1	emb|CAD0238295.1|	34.632	231	146	3	37	267	32	257	3.34e-29	111
--------------------
File: Drip_db47_7
Query_1	ref|XP_972862.1|	51.394	251	117	2	35	285	3	248	2.58e-92	273
Query_1	ref|XP_015839381.1|	51.639	244	113	2	42	285	4	242	2.99e-90	268
Query_1	ref|XP_008190404.1|	48.472	229	116	2	41	268	4	231	3.63e-71	220
Query_1	ref|XP_008190403.1|	48.472	229	116	2	41	268	4	231	3.63e-71	220
Query_1	ref|XP_015835628.1|	39.516	248	141	4	37	279	365	608	3.14e-44	158
--------------------
File: Drip_db48_7
Query_1	ref|XP_047536801.1|	55.952	252	110	1	34	285	7	257	4.81e-97	285
Query_1	ref|XP_047536793.1|	56.911	246	105	1	40	285	33	277	2.45e-96	284
Query_1	ref|XP_047536809.1|	55.777	251	110	1	35	285	3	252	2.63e-96	283
Query_1	ref|XP_047537451.1|	42.975	242	135	2	45	283	8	249	2.45e-64	202
Query_1	ref|XP_047537442.1|	42.975	242	135	2	45	283	8	249	4.51e-64	202
--------------------
File: Drip_db49_7
Query_1	ref|XP_050866472.1|	53.755	253	114	3	34	285	1	251	9.46e-87	259
Query_1	ref|XP_050866468.1|	45.175	228	118	2	41	267	4	225	2.14e-63	201
Query_1	ref|XP_050866466.1|	45.175	228	118	2	41	267	10	231	2.62e-63	200
Query_1	ref|XP_050866467.1|	45.175	228	118	2	41	267	10	231	2.71e-63	200
Query_1	ref|XP_050850386.1|	41.048	229	126	3	61	281	28	255	2.63e-48	162
--------------------
File: Drip_db4_7
Query_1	ref|XP_018566280.1|	59.363	251	97	3	37	285	6	253	7.87e-106	307
Query_1	ref|XP_018569425.1|	48.291	234	118	3	41	272	4	236	4.29e-71	220
Query_1	ref|XP_018569426.1|	48.291	234	118	3	41	272	4	236	4.80e-71	219
Query_1	ref|XP_018576151.1|	41.200	250	133	5	42	278	5	253	6.32e-54	176
Query_1	ref|XP_023312191.1|	39.301	229	131	3	59	279	13	241	3.13e-45	153
--------------------
File: Drip_db50_7
--------------------
File: Drip_db51_7
Query_1	ref|XP_034233671.1|	50.000	242	114	4	45	285	8	243	5.56e-70	216
Query_1	ref|XP_034234741.1|	43.033	244	136	3	41	283	4	245	2.17e-51	169
Query_1	ref|XP_034238299.1|	32.946	258	156	4	34	275	1	257	8.15e-39	137
Query_1	ref|XP_034248332.1|	39.560	182	99	3	97	275	101	274	1.19e-34	132
Query_1	ref|XP_034238298.1|	36.585	205	114	3	83	272	36	239	1.80e-30	115
--------------------
File: Drip_db52_7
Query_1	ref|XP_021934042.1|	61.202	183	71	0	100	282	24	206	4.70e-82	246
Query_1	ref|XP_021933797.1|	50.000	232	113	2	41	272	6	234	9.33e-70	216
Query_1	ref|XP_021939296.1|	39.130	253	138	4	36	273	12	263	8.15e-50	166
Query_1	ref|XP_021939297.1|	39.759	249	134	4	40	273	15	262	8.74e-50	166
Query_1	ref|XP_021939298.1|	39.759	249	134	4	40	273	14	261	1.21e-49	166
--------------------
File: Drip_db5_7
Query_1	gb|KAG7209349.1|	50.593	253	121	3	34	285	1	250	3.54e-82	247
Query_1	gb|KAG7209352.1|	43.668	229	120	3	41	267	69	290	3.52e-58	188
Query_1	gb|KAG7209353.1|	43.668	229	120	3	41	267	69	290	3.94e-58	188
Query_1	gb|KAG7198576.1|	37.751	249	140	3	34	274	1	242	3.41e-45	154
Query_1	gb|KAG7212268.1|	39.726	219	123	2	61	271	28	245	1.31e-43	149
--------------------
File: Drip_db6_7
Query_1	ref|XP_006569281.1|	51.613	248	117	3	39	285	6	251	5.01e-85	255
Query_1	ref|XP_624531.3|	50.198	253	123	3	34	285	69	319	2.54e-83	253
Query_1	ref|XP_006569285.1|	45.902	244	123	3	41	282	5	241	3.24e-69	215
Query_1	ref|XP_006569284.1|	45.902	244	123	3	41	282	5	241	3.24e-69	215
Query_1	ref|XP_394391.1|	45.902	244	123	3	41	282	4	240	3.63e-69	215
--------------------
File: Drip_db7_7
--------------------
File: Drip_db8_7
Query_1	emb|CAH0559073.1|	46.383	235	121	4	41	271	4	237	2.89e-64	202
Query_1	emb|CAH0558342.1|	35.185	270	156	3	30	282	30	297	1.60e-44	152
Query_1	emb|CAH0558341.1|	35.185	270	156	3	30	282	79	346	4.77e-44	152
Query_1	emb|CAH0557414.1|	34.286	245	147	4	31	271	31	265	3.10e-38	135
Query_1	emb|CAH0557418.1|	36.321	212	130	2	59	268	26	234	8.65e-38	133
--------------------
File: Drip_db9_7
Query_1	ref|XP_004535902.1|	61.753	251	94	2	36	285	2	251	3.66e-110	319
Query_1	ref|XP_004535901.1|	61.660	253	95	2	34	285	40	291	6.88e-110	320
Query_1	ref|XP_020717055.1|	60.000	245	96	2	34	277	40	283	2.42e-102	300
Query_1	ref|XP_004520722.1|	42.667	225	121	3	45	267	9	227	2.18e-55	180
Query_1	ref|XP_004520721.1|	42.667	225	121	3	45	267	9	227	3.10e-55	179
--------------------
