# BLASTP 2.9.0+
# Query: 
# Database: Genome_/db23/db23
# Fields: query id, subject id, % identity, alignment length, mismatches, gap opens, q. start, q. end, s. start, s. end, evalue, bit score
# 30 hits found
Query_1	ref|XP_024214949.1|	42.570	249	141	1	37	285	17	263	3.03e-69	215
Query_1	ref|XP_024214951.1|	45.614	228	122	1	58	285	19	244	6.11e-69	213
Query_1	ref|XP_024214953.1|	45.614	228	122	1	58	285	18	243	6.18e-69	213
Query_1	ref|XP_024214950.1|	45.614	228	122	1	58	285	23	248	6.28e-69	214
Query_1	ref|XP_024214948.1|	45.614	228	122	1	58	285	39	264	9.06e-69	214
Query_1	ref|XP_024214947.1|	43.830	235	132	0	37	271	3	237	4.02e-68	212
Query_1	ref|XP_024216128.1|	36.585	246	146	6	35	272	3	246	8.36e-45	152
Query_1	ref|XP_024216129.1|	37.860	243	140	7	38	272	7	246	9.92e-45	152
Query_1	ref|XP_024216125.1|	36.328	256	153	6	25	272	10	263	1.01e-44	152
Query_1	ref|XP_024216122.1|	37.860	243	140	7	38	272	35	274	1.12e-44	152
Query_1	ref|XP_024216123.1|	37.860	243	140	7	38	272	29	268	1.23e-44	152
Query_1	ref|XP_024216119.1|	37.860	243	140	7	38	272	38	277	1.25e-44	152
Query_1	ref|XP_024216126.1|	37.860	243	140	7	38	272	21	260	1.56e-44	152
Query_1	ref|XP_024216118.1|	37.860	243	140	7	38	272	39	278	1.69e-44	152
Query_1	ref|XP_024216127.1|	37.860	243	140	7	38	272	20	259	1.86e-44	151
Query_1	ref|XP_024216124.1|	37.860	243	140	7	38	272	27	266	2.18e-44	151
Query_1	ref|XP_024216117.1|	37.860	243	140	7	38	272	44	283	2.33e-44	152
Query_1	ref|XP_024216121.1|	37.860	243	140	7	38	272	35	274	2.37e-44	152
Query_1	ref|XP_024216120.1|	37.860	243	140	7	38	272	35	274	2.37e-44	152
Query_1	ref|XP_024214954.1|	41.860	172	98	1	58	227	39	210	1.51e-39	137
Query_1	ref|XP_014284733.1|	35.200	250	143	6	42	279	20	262	1.34e-35	129
Query_1	ref|XP_014284730.1|	31.878	229	146	2	58	279	33	258	8.60e-35	126
Query_1	ref|XP_024219880.1|	34.483	232	141	3	58	282	33	260	5.63e-34	124
Query_1	ref|XP_024216106.1|	33.778	225	140	4	55	275	45	264	3.09e-33	128
Query_1	ref|XP_014283945.1|	32.301	226	148	1	61	281	47	272	2.56e-29	112
Query_1	ref|XP_014283943.1|	32.301	226	148	1	61	281	77	302	4.33e-29	112
Query_1	ref|XP_014284734.1|	31.633	196	115	6	94	279	28	214	1.64e-17	79.3
Query_1	ref|XP_014284732.1|	29.412	119	84	0	161	279	92	210	1.91e-15	73.9
Query_1	ref|XP_014284735.1|	33.533	167	94	5	42	198	20	179	8.27e-15	72.0
Query_1	ref|XP_024219293.1|	39.252	107	62	1	58	164	33	136	1.38e-12	64.7
# BLAST processed 1 queries
